chars to exclude:
[1]
10,11,24,27,30,35,39,52,58,60,62,68,71,80,91,92,107,117,129,140,141,145,147,151,154,155,167,168,169,174,179,180,194,197,199,206,210,214,215,222,224,251,253,264,269,272,274,286,289,295,303,305,306,307,313,320,321,322,323,324,325,329,330,333,334,336,338,340,353,354,358,360,362,370,376,378,384,387,393,403,434,442,446
[2]




2 - state unordered
1-9,12-23,25,26,28,29,31-34,36-38,40-51,53-57,59,61,63-67,69,70,72-79,81-90,93-106,108-116,118-128,130-139,142-144,146,148-150,152,153,156-166,170-173,175-178,181-193,195,196,198,200-205,207-209,211-213,217-221,223,225-250,252,254-263,265-268,270,271,273,275-285,287,288,290-294,296-302,304,308-312,314-319,326-328,331,332,335,337,339,341-352,355-357,359,361,363-369,371-375,377,379-383,385,386,388-392,394-402,404-433,435-441,443-445,447-457
3-state unordered
10,11,27,30,52,80,91,92,107,129,140,141,147,154,155,179,194,210,224,253,264,306,320,321,323,324,325,329,330,336,340,354,358,362,370,384,403
3 - state ordered
24,35,39,60,68,71,117,145,167,169,174,180,197,199,206,214,222,251,272,286,303,305,307,313,322,333,334,338,353,360,376,378,387,393,442,446
4 - state unordered
58,62,168,274,295,434
4 - state ordered
215,269,289
5 - state unordered
151
















2 - state unordered
1-9,12-23,25,26,28,29,31-34,36-38,40-51,53-57,59,61,63-67,69,70,72-79,81-90,93-106,108-116,118-128,130-139,142-144,146,148-150,152,153,156-166,170-173,175-178,181-193,195,196,198,200-205,207-209,211-213,217-221,223,225-250,252,254-263,265-268,270,271,273,275-285,287,288,290-294,296-302,304,308-312,314-319,326-328,331,332,335,337,339,341-352,355-357,359,361,363-369,371-375,377,379-383,385,386,388-392,394-402,404-433,435-441,443-445,447-457
3-state unordered
10,11,27,30,52,80,91,92,107,129,140,141,147,154,155,179,194,210,224,253,264,306,320,321,323,324,325,329,330,336,340,354,358,362,370,384,403
3 - state ordered
24,35,39,60,68,71,117,145,167,169,174,180,197,199,206,214,222,251,272,286,303,305,307,313,322,333,334,338,353,360,376,378,387,393,442,446
4 - state unordered
58,62,168,274,295,434
4 - state ordered
215,269,289
5 - state unordered
151
